t_days,t_months,r,C,B,F_i,F_n,F_m,E,M,O
30,0.9855453351,0.25,0.0581905512,4.043920962,9.780735434e-06,4.341008946e-08,2.437771263e-05,1.148203548,0.201239269,0.383484782
30,0.9855453351,0.297979798,0.002079596562,2.216674796,9.780714202e-06,4.340828644e-08,2.437679086e-05,0.6596969219,0.1583201758,0.2079969571
30,0.9855453351,0.345959596,0.0004277640171,0.3136044267,9.780666716e-06,4.34051803e-08,2.437586103e-05,0.2937830906,0.1296832035,0.2584581049
30,0.9855453351,0.3939393939,0.0003215329095,0.06287957739,9.780586108e-06,4.340105882e-08,2.437508601e-05,0.1755834643,0.1086043389,0.2689410679
30,0.9855453351,0.4419191919,0.000353373158,0.02176265271,9.780476799e-06,4.33961034e-08,2.437442248e-05,0.1214501069,0.09230844342,0.2698440243
30,0.9855453351,0.4898989899,0.0003963009638,0.01151494648,9.780347519e-06,4.339043828e-08,2.43738271e-05,0.09239802404,0.07936361272,0.2699668464
30,0.9855453351,0.5378787879,0.0004300854371,0.007702036073,9.780207578e-06,4.338415498e-08,2.437326949e-05,0.07275437478,0.06889953054,0.2699894867
30,0.9855453351,0.5858585859,0.0004524850978,0.005757102204,9.780065502e-06,4.337732511e-08,2.437272941e-05,0.0579155779,0.06033383656,0.269994899
30,0.9855453351,0.6338383838,0.0004647143423,0.00456313513,9.779928679e-06,4.337000755e-08,2.437219362e-05,0.0461089881,0.05325422226,0.26999661
30,0.9855453351,0.6818181818,0.0004685148919,0.003760902924,9.779803395e-06,4.336225263e-08,2.43716536e-05,0.03652095407,0.04735890608,0.269997416
30,0.9855453351,0.7297979798,0.000465573362,0.003188395651,9.779694952e-06,4.335410465e-08,2.437110403e-05,0.02881627245,0.0424212724,0.2699978666
30,0.9855453351,0.7777777778,0.0004573688843,0.002762229447,9.77960779e-06,4.334560344e-08,2.437054182e-05,0.02271110031,0.03826809235,0.2699981321
30,0.9855453351,0.8257575758,0.0004451583944,0.0024385656,9.779545588e-06,4.333678531e-08,2.436996542e-05,0.01789178229,0.03476439258,0.2699983197
30,0.9855453351,0.8737373737,0.0004300190176,0.002190542082,9.77951135e-06,4.332768369e-08,2.436937434e-05,0.01408276859,0.03180281363,0.2699984792
30,0.9855453351,0.9217171717,0.0004128832615,0.001998093265,9.779507484e-06,4.331832952e-08,2.436876886e-05,0.01106518059,0.02929625255,0.2699986273
30,0.9855453351,0.9696969697,0.0003945506008,0.001844318139,9.779535855e-06,4.33087516e-08,2.436814973e-05,0.008668402261,0.02717273804,0.2699987698
30,0.9855453351,1.017676768,0.000375682765,0.001714087275,9.779597845e-06,4.329897683e-08,2.436751802e-05,0.006760075527,0.02537188592,0.2699989078
30,0.9855453351,1.065656566,0.0003567925319,0.001593593839,9.779694385e-06,4.328903042e-08,2.436687496e-05,0.005237776404,0.02384247422,0.2699990381
30,0.9855453351,1.113636364,0.0003382336205,0.001470691608,9.779825993e-06,4.327893615e-08,2.436622184e-05,0.004022403175,0.0225407694,0.2699991523
30,0.9855453351,1.161616162,0.0003201974474,0.001336022298,9.7799928e-06,4.326871652e-08,2.436555999e-05,0.003053009291,0.02142933027,0.2699992384
30,0.9855453351,1.20959596,0.0003027213948,0.00118467212,9.780194573e-06,4.325839301e-08,2.436489067e-05,0.002282772061,0.02047611764,0.2699992853
30,0.9855453351,1.257575758,0.0002857118428,0.001017642687,9.780430737e-06,4.324798622e-08,2.436421513e-05,0.001675765466,0.01965381437,0.2699992888
30,0.9855453351,1.305555556,0.0002689824112,0.0008421110124,9.780700401e-06,4.323751607e-08,2.436353458e-05,0.001204202445,0.01893929852,0.2699992578
30,0.9855453351,1.353535354,0.0002523033537,0.0006697120745,9.781002377e-06,4.322700193e-08,2.436285027e-05,0.0008458895906,0.01831322101,0.2699992131
30,0.9855453351,1.401515152,0.0002354532564,0.0005130231107,9.781335209e-06,4.321646273e-08,2.436216346e-05,0.0005818396121,0.01775963587,0.2699991801
30,0.9855453351,1.449494949,0.0002182618726,0.0003815777877,9.781697207e-06,4.3205917e-08,2.436147549e-05,0.0003943770802,0.01726563384,0.269999177
30,0.9855453351,1.497474747,0.0002006353431,0.0002792757001,9.78208648e-06,4.319538298e-08,2.436078779e-05,0.0002663135762,0.01682094623,0.2699992062
30,0.9855453351,1.545454545,0.0001825617918,0.0002043950145,9.782500968e-06,4.318487854e-08,2.436010193e-05,0.0001815251347,0.01641751447,0.2699992562
30,0.9855453351,1.593434343,0.0001641026792,0.0001517726239,9.782938485e-06,4.31744212e-08,2.435941954e-05,0.0001263396411,0.0160490515,0.269999314
30,0.9855453351,1.641414141,0.0001453787703,0.000115467875,9.783396753e-06,4.316402804e-08,2.435874236e-05,9.208590979e-05,0.01571063748,0.2699997509
30,0.9855453351,1.689393939,0.0001265670475,9.782530594e-05,9.783873434e-06,4.315371567e-08,2.435807219e-05,6.755958889e-05,0.01539838714,0.2699990058
30,0.9855453351,1.737373737,0.0001079240758,9.537692076e-05,9.784366161e-06,4.314350015e-08,2.435741089e-05,5.087795285e-05,0.01510918171,0.2699994111
30,0.9855453351,1.785353535,8.970729921e-05,9.413164969e-05,9.784872569e-06,4.313339688e-08,2.435676027e-05,3.924397502e-05,0.0148404865,0.2699994858
30,0.9855453351,1.833333333,7.219406649e-05,9.326835055e-05,9.785390314e-06,4.312342055e-08,2.435612212e-05,3.092401952e-05,0.01459021154,0.2699995087
30,0.9855453351,1.881313131,5.569120095e-05,9.259490836e-05,9.785917095e-06,4.31135851e-08,2.435549812e-05,2.484323614e-05,0.01435661211,0.2699995295
30,0.9855453351,1.929292929,4.054016569e-05,9.202348072e-05,9.786450677e-06,4.310390363e-08,2.435488982e-05,2.032115277e-05,0.01413821651,0.2699995485
30,0.9855453351,1.977272727,2.712216709e-05,9.150299509e-05,9.786988899e-06,4.309438833e-08,2.435429856e-05,1.691610463e-05,0.01393377303,0.2699995663
30,0.9855453351,2.025252525,1.586336217e-05,9.100256723e-05,9.787529695e-06,4.308505051e-08,2.43537254e-05,1.433391497e-05,0.01374221092,0.2699995832
30,0.9855453351,2.073232323,7.238307682e-06,9.050485572e-05,9.788071101e-06,4.30759005e-08,2.43531711e-05,1.237390451e-05,0.01356261288,0.2699995993
30,0.9855453351,2.121212121,1.767163672e-06,9.00020277e-05,9.788611265e-06,4.306694764e-08,2.435263599e-05,1.08978271e-05,0.01339419869,0.2699996147
30,0.9855453351,2.169191919,1.609766652e-09,8.949260695e-05,9.789148455e-06,4.30582003e-08,2.435211994e-05,9.817678302e-06,0.01323632566,0.2699996298
30,0.9855453351,2.217171717,7.342361717e-13,8.897574209e-05,9.789681066e-06,4.304966581e-08,2.435162222e-05,9.117878641e-06,0.01308865138,0.2699996443
30,0.9855453351,2.265151515,3.350501765e-16,8.844089959e-05,9.790207623e-06,4.304135051e-08,2.435114189e-05,8.899513732e-06,0.01295063414,0.2699996578
30,0.9855453351,2.313131313,1.529596074e-19,8.788448859e-05,9.790726782e-06,4.303325972e-08,2.435067809e-05,8.9531055e-06,0.01282171529,0.2699996708
30,0.9855453351,2.361111111,6.986000718e-23,8.730136696e-05,9.791237332e-06,4.302539776e-08,2.435023004e-05,8.904204975e-06,0.01270140115,0.2699996832
30,0.9855453351,2.409090909,3.191964437e-26,8.668051781e-05,9.791738194e-06,4.301776799e-08,2.434979703e-05,8.779967704e-06,0.01258925213,0.2699996952
30,0.9855453351,2.457070707,1.459009252e-29,8.600809604e-05,9.792228418e-06,4.301037283e-08,2.434937841e-05,8.636827623e-06,0.01248487212,0.2699997067
30,0.9855453351,2.505050505,6.671478113e-33,8.526470448e-05,9.792707182e-06,4.300321375e-08,2.434897357e-05,8.498856467e-06,0.01238790258,0.2699997177
30,0.9855453351,2.553030303,3.051714554e-36,8.441911701e-05,9.793173787e-06,4.299629136e-08,2.434858197e-05,8.375540924e-06,0.01229801893,0.2699997283
30,0.9855453351,2.601010101,1.396425356e-39,8.341731208e-05,9.793627654e-06,4.298960541e-08,2.43482031e-05,8.269409534e-06,0.01221492825,0.2699997385
30,0.9855453351,2.648989899,6.39201796e-43,8.21669296e-05,9.794068317e-06,4.298315486e-08,2.434783649e-05,8.179136789e-06,0.01213836808,0.2699997484
30,0.9855453351,2.696969697,2.926843201e-46,8.053066181e-05,9.794495421e-06,4.297693788e-08,2.434748173e-05,8.101981824e-06,0.01206810615,0.2699997579
30,0.9855453351,2.744949495,1.340593712e-49,7.836516953e-05,9.794908712e-06,4.297095195e-08,2.434713841e-05,8.036354923e-06,0.01200394133,0.2699997671
30,0.9855453351,2.792929293,6.142235291e-53,7.56208036e-05,9.795308034e-06,4.296519388e-08,2.434680617e-05,7.98308969e-06,0.01194570615,0.2699997759
30,0.9855453351,2.840909091,2.815028572e-56,7.242210915e-05,9.795693324e-06,4.295965986e-08,2.434648467e-05,7.943533824e-06,0.0118932718,0.2699997845
30,0.9855453351,2.888888889,1.2905119e-59,6.904681275e-05,9.796064602e-06,4.295434552e-08,2.43461736e-05,7.9167745e-06,0.01184655718,0.2699997928
30,0.9855453351,2.936868687,5.917796647e-63,6.583400599e-05,9.796421966e-06,4.294924602e-08,2.434587267e-05,7.899796391e-06,0.01180554559,0.2699998008
30,0.9855453351,2.984848485,2.714394981e-66,6.308639929e-05,9.796765589e-06,4.294435607e-08,2.434558161e-05,7.889374261e-06,0.01177031816,0.2699998085
30,0.9855453351,3.032828283,1.245367075e-69,6.10091438e-05,9.797095708e-06,4.293967006e-08,2.434530016e-05,7.883141812e-06,0.01174113545,0.269999816
30,0.9855453351,3.080808081,5.715175406e-73,5.968401188e-05,9.79741262e-06,4.293518209e-08,2.434502809e-05,7.879651328e-06,0.01171878254,0.2699998233
30,0.9855453351,3.128787879,2.623410644e-76,5.902286158e-05,9.797716675e-06,4.293088608e-08,2.434476518e-05,7.877945591e-06,0.0117058055,0.2699998303
30,0.9855453351,3.176767677,1.204493185e-79,5.87695275e-05,9.798008264e-06,4.292677588e-08,2.434451123e-05,7.877179646e-06,0.01170120252,0.2699998372
30,0.9855453351,3.224747475,5.531472388e-83,5.86382395e-05,9.798287787e-06,4.292284531e-08,2.434426603e-05,7.876656269e-06,0.01169904575,0.2699998438
30,0.9855453351,3.272727273,2.540812327e-86,5.854246833e-05,9.798555633e-06,4.291908827e-08,2.434402942e-05,7.876247684e-06,0.01169735001,0.2699998502
30,0.9855453351,3.320707071,1.167339271e-89,5.846635404e-05,9.798812173e-06,4.291549877e-08,2.434380122e-05,7.875926436e-06,0.01169598568,0.2699998565
30,0.9855453351,3.368686869,5.364282292e-93,5.840483234e-05,9.799057762e-06,4.291207101e-08,2.434358126e-05,7.875672638e-06,0.01169488046,0.2699998626
30,0.9855453351,3.416666667,2.465548984e-96,5.835474964e-05,9.799292738e-06,4.290879941e-08,2.434336939e-05,7.875471385e-06,0.0116939807,0.2699998685
30,0.9855453351,3.464646465,1.133445644e-99,5.831378476e-05,9.799517424e-06,4.290567858e-08,2.434316547e-05,7.875311323e-06,0.01169324556,0.2699998742
30,0.9855453351,3.512626263,5.211592856e-103,5.828016274e-05,9.799732129e-06,4.290270339e-08,2.434296935e-05,7.875183708e-06,0.01169264339,0.2699998798
30,0.9855453351,3.560606061,2.396739014e-106,5.825249831e-05,9.799937148e-06,4.289986894e-08,2.434278092e-05,7.875081746e-06,0.01169214924,0.2699998852
30,0.9855453351,3.608585859,1.102425744e-109,5.822969444e-05,9.800132762e-06,4.289717055e-08,2.434260003e-05,7.875000128e-06,0.0116917432,0.2699998905
30,0.9855453351,3.656565657,5.071707754e-113,5.821087279e-05,9.800319239e-06,4.289460377e-08,2.434242657e-05,7.874934687e-06,0.0116914093,0.2699998957
30,0.9855453351,3.704545455,2.333637448e-116,5.819532414e-05,9.800496836e-06,4.289216435e-08,2.434226042e-05,7.874882135e-06,0.01169113456,0.2699999007
30,0.9855453351,3.752525253,1.073952158e-119,5.818247212e-05,9.800665797e-06,4.288984825e-08,2.434210147e-05,7.874839873e-06,0.01169090844,0.2699999056
30,0.9855453351,3.800505051,4.94318696e-123,5.81718459e-05,9.800826358e-06,4.288765162e-08,2.434194961e-05,7.874805839e-06,0.01169072232,0.2699999103
30,0.9855453351,3.848484848,2.275610478e-126,5.816305936e-05,9.800978743e-06,4.28855708e-08,2.434180474e-05,7.874778397e-06,0.01169056916,0.269999915
30,0.9855453351,3.896464646,1.047745733e-129,5.815579476e-05,9.801123165e-06,4.288360229e-08,2.434166675e-05,7.874756242e-06,0.01169044314,0.2699999195
30,0.9855453351,3.944444444,4.824800129e-133,5.814979012e-05,9.801259831e-06,4.288174276e-08,2.434153554e-05,7.874738332e-06,0.0116903395,0.2699999239
30,0.9855453351,3.992424242,2.222115486e-136,5.814482887e-05,9.801388937e-06,4.287998903e-08,2.434141102e-05,7.874723837e-06,0.01169025431,0.2699999283
30,0.9855453351,4.04040404,1.023567001e-139,5.814073187e-05,9.801510673e-06,4.287833808e-08,2.434129309e-05,7.87471209e-06,0.01169018432,0.2699999325
30,0.9855453351,4.088383838,4.715489794e-143,5.81373507e-05,9.801625218e-06,4.287678701e-08,2.434118166e-05,7.874702558e-06,0.01169012687,0.2699999366
30,0.9855453351,4.136363636,2.172685216e-146,5.813456232e-05,9.801732748e-06,4.287533307e-08,2.434107664e-05,7.874694813e-06,0.01169007973,0.2699999406
30,0.9855453351,4.184343434,1.001209377e-149,5.813226471e-05,9.801833428e-06,4.287397363e-08,2.434097792e-05,7.87468851e-06,0.0116900411,0.2699999445
30,0.9855453351,4.232323232,4.614342059e-153,5.813037324e-05,9.80192742e-06,4.287270616e-08,2.434088544e-05,7.874683372e-06,0.01169000947,0.2699999484
30,0.9855453351,4.28030303,2.126915146e-156,5.812881778e-05,9.802014877e-06,4.287152826e-08,2.434079908e-05,7.874679176e-06,0.01168998359,0.2699999521
30,0.9855453351,4.328282828,9.804937061e-160,5.812754012e-05,9.802095949e-06,4.287043763e-08,2.434071878e-05,7.874675742e-06,0.01168996245,0.2699999558
30,0.9855453351,4.376262626,4.520563049e-163,5.812649207e-05,9.802170778e-06,4.286943208e-08,2.434064444e-05,7.874672924e-06,0.0116899452,0.2699999594
30,0.9855453351,4.424242424,2.084453309e-166,5.812563371e-05,9.802239503e-06,4.28685095e-08,2.434057597e-05,7.874670604e-06,0.01168993114,0.2699999629
30,0.9855453351,4.472222222,9.61263861e-170,5.812493204e-05,9.802302256e-06,4.286766787e-08,2.434051329e-05,7.874668686e-06,0.01168991971,0.2699999664
30,0.9855453351,4.52020202,4.433459857e-173,5.812435982e-05,9.802359165e-06,4.286690528e-08,2.434045632e-05,7.874667093e-06,0.01168991043,0.2699999697
30,0.9855453351,4.568181818,2.044992033e-176,5.812389458e-05,9.802410356e-06,4.286621986e-08,2.434040495e-05,7.874665759e-06,0.01168990293,0.269999973
30,0.9855453351,4.616161616,9.433831611e-180,5.812351788e-05,9.802455946e-06,4.286560986e-08,2.434035912e-05,7.874664634e-06,0.01168989688,0.2699999763
30,0.9855453351,4.664141414,4.352425005e-183,5.812321457e-05,9.802496054e-06,4.286507357e-08,2.434031872e-05,7.874663671e-06,0.01168989203,0.2699999794
30,0.9855453351,4.712121212,2.008261197e-186,5.812297235e-05,9.802530789e-06,4.286460936e-08,2.434028369e-05,7.874662836e-06,0.01168988818,0.2699999825
30,0.9855453351,4.76010101,9.267314409e-190,5.812278124e-05,9.802560262e-06,4.286421568e-08,2.434025392e-05,7.874662096e-06,0.01168988515,0.2699999856
30,0.9855453351,4.808080808,4.276923686e-193,5.812263329e-05,9.802584577e-06,4.286389103e-08,2.434022933e-05,7.874661423e-06,0.01168988281,0.2699999885
30,0.9855453351,4.856060606,1.974022683e-196,5.812252218e-05,9.802603837e-06,4.286363397e-08,2.434020983e-05,7.874660791e-06,0.01168988106,0.2699999915
30,0.9855453351,4.904040404,9.112026323e-200,5.812244309e-05,9.80261814e-06,4.286344311e-08,2.434019535e-05,7.874660175e-06,0.01168987982,0.2699999943
30,0.9855453351,4.952020202,4.206483239e-203,5.812239246e-05,9.802627583e-06,4.286331714e-08,2.434018578e-05,7.87465955e-06,0.01168987902,0.2699999971
30,0.9855453351,5,1.942979775e-206,5.812236785e-05,9.802632259e-06,4.286325476e-08,2.434018104e-05,7.874658896e-06,0.01168987864,0.27
182.64,6,0.25,0.01405075976,6.415555317,4.63766774e-06,7.215391868e-20,2.8376271e-05,7.952812189,0.05667185453,0.4181255841
182.64,6,0.297979798,0.001127084805,0.8618293379,4.637775937e-06,7.215190403e-20,2.837598907e-05,0.4926768281,0.03703868907,0.17150373
182.64,6,0.345959596,0.000638153458,0.06647237709,4.6378663e-06,7.214838739e-20,2.837571914e-05,0.2170752477,0.0307356378,0.2661356401
182.64,6,0.3939393939,0.0006309742717,0.005223672446,4.637927482e-06,7.214365442e-20,2.837547608e-05,0.1297780206,0.02701061803,0.2697022859
182.64,6,0.4419191919,0.0006353837942,0.0004287461152,4.637969352e-06,7.213787409e-20,2.837524689e-05,0.08979546793,0.02446181268,0.269973751
182.64,6,0.4898989899,0.00062615538,0.0001006354215,4.638001763e-06,7.213115832e-20,2.8375023e-05,0.06832754582,0.02266718864,0.2699956423
182.64,6,0.5378787879,0.0006073757752,9.542155784e-05,4.638032501e-06,7.212358826e-20,2.837479963e-05,0.05380850093,0.02139017333,0.2699976731
182.64,6,0.5858585859,0.0005830034868,9.458278217e-05,4.638067466e-06,7.211522753e-20,2.837457425e-05,0.04283525361,0.02047089719,0.2699979734
182.64,6,0.6338383838,0.0005555606337,9.409478562e-05,4.638111091e-06,7.210612947e-20,2.837434563e-05,0.03410154939,0.01979839242,0.2699981481
182.64,6,0.6818181818,0.0005266960321,9.353450621e-05,4.638166702e-06,7.209634125e-20,2.837411329e-05,0.02700842611,0.01929637618,0.2699982971
182.64,6,0.7297979798,0.0004974981117,9.281537918e-05,4.638236787e-06,7.208590624e-20,2.837387724e-05,0.02130871358,0.01891284252,0.2699984264
182.64,6,0.7777777778,0.0004686749262,9.186259136e-05,4.638323188e-06,7.207486554e-20,2.837363774e-05,0.01679260343,0.01861250551,0.2699985399
182.64,6,0.8257575758,0.0004406724587,9.056186995e-05,4.638427234e-06,7.206325878e-20,2.837339523e-05,0.01322802957,0.0183714012,0.2699986403
182.64,6,0.8737373737,0.000413758834,8.874034981e-05,4.638549843e-06,7.205112473e-20,2.83731502e-05,0.01041105831,0.01817316957,0.2699987298
182.64,6,0.9217171717,0.0003880822987,8.616103514e-05,4.638691591e-06,7.203850157e-20,2.837290319e-05,0.008179675875,0.01800654719,0.26999881
182.64,6,0.9696969697,0.0003637101834,8.252461942e-05,4.638852771e-06,7.202542709e-20,2.837265477e-05,0.00640758756,0.01786368945,0.2699988824
182.64,6,1.017676768,0.0003406550578,7.743955571e-05,4.639033436e-06,7.201193873e-20,2.837240545e-05,0.004996819975,0.01773905435,0.2699989481
182.64,6,1.065656566,0.0003188921682,7.031736382e-05,4.63923343e-06,7.199807362e-20,2.837215577e-05,0.003871559929,0.0176286618,0.2699990081
182.64,6,1.113636364,0.0002983706066,6.019009213e-05,4.639452412e-06,7.198386857e-20,2.83719062e-05,0.002973258155,0.01752960037,0.269999063
182.64,6,1.161616162,0.0002790196508,4.549189717e-05,4.639689877e-06,7.196936e-20,2.83716572e-05,0.002256802466,0.01743969605,0.2699991127
182.64,6,1.20959596,0.0002607512259,2.430021377e-05,4.639945168e-06,7.195458387e-20,2.83714092e-05,0.001687534872,0.01735728676,0.2699991543
182.64,6,1.257575758,0.0002434606461,2.181894102e-11,4.64021749e-06,7.193957561e-20,2.83711626e-05,0.001238874986,0.01728106656,0.2699991829
182.64,6,1.305555556,0.0002270426332,9.80951631e-18,4.640505924e-06,7.192437005e-20,2.837091777e-05,0.0008903008181,0.01720998147,0.2699992375
182.64,6,1.353535354,0.0002114673975,4.416086321e-24,4.640809434e-06,7.19090013e-20,2.837067507e-05,0.0006254339321,0.01714320176,0.2699992741
182.64,6,1.401515152,0.0001967021279,1.990507366e-30,4.641126885e-06,7.189350271e-20,2.837043483e-05,0.0004302509304,0.0170800952,0.2699993081
182.64,6,1.449494949,0.000182712389,8.982361254e-37,4.641457054e-06,7.187790677e-20,2.837019736e-05,0.0002916876799,0.01702017998,0.2699993399
182.64,6,1.497474747,0.0001694632502,4.057751278e-43,4.641798649e-06,7.186224501e-20,2.836996295e-05,0.0001970355985,0.01696308873,0.2699993696
182.64,6,1.545454545,0.000156920267,1.834928811e-49,4.642150325e-06,7.184654798e-20,2.836973186e-05,0.000134373269,0.01690854069,0.2699993975
182.64,6,1.593434343,0.000145050308,8.305490479e-56,4.642510703e-06,7.183084511e-20,2.836950435e-05,9.826433627e-05,0.01685632055,0.2699994238
182.64,6,1.641414141,0.0001338288529,3.762697875e-62,4.64287839e-06,7.181516472e-20,2.836928064e-05,9.201312244e-05,0.01680627341,0.2699994485
182.64,6,1.689393939,0.000123226653,1.706079303e-68,4.643251991e-06,7.179953391e-20,2.836906093e-05,6.797512342e-05,0.01675828193,0.2699994718
182.64,6,1.737373737,0.0001132150859,7.741846132e-75,4.643630129e-06,7.178397857e-20,2.836884542e-05,5.126845006e-05,0.01671224255,0.2699994938
182.64,6,1.785353535,0.0001037683174,3.515738941e-81,4.644011455e-06,7.176852327e-20,2.836863427e-05,3.961716172e-05,0.01666807658,0.2699995146
182.64,6,1.833333333,9.486304479e-05,1.597711094e-87,4.644394664e-06,7.175319129e-20,2.836842762e-05,3.128523031e-05,0.01662572636,0.2699995343
182.64,6,1.881313131,8.647811073e-05,7.265634381e-94,4.644778502e-06,7.173800454e-20,2.836822563e-05,2.519617974e-05,0.01658515275,0.269999553
182.64,6,1.929292929,7.859416149e-05,3.306189854e-100,4.645161778e-06,7.172298359e-20,2.836802839e-05,2.066846695e-05,0.01654633449,0.2699995708
182.64,6,1.977272727,7.119334002e-05,1.505384282e-106,4.645543369e-06,7.170814762e-20,2.836783602e-05,1.725974523e-05,0.01650926681,0.2699995878
182.64,6,2.025252525,6.425900699e-05,6.858350202e-113,4.645922231e-06,7.169351445e-20,2.836764859e-05,1.467539422e-05,0.01647403855,0.2699996039
182.64,6,2.073232323,5.777538222e-05,3.126315945e-119,4.646297398e-06,7.167910051e-20,2.836746617e-05,1.271419189e-05,0.01644063588,0.2699996193
182.64,6,2.121212121,5.172736079e-05,1.425857224e-125,4.646667988e-06,7.166492086e-20,2.836728883e-05,1.123753734e-05,0.01640905407,0.269999634
182.64,6,2.169191919,4.610034619e-05,6.506372925e-132,4.647033199e-06,7.165098921e-20,2.83671166e-05,1.015717405e-05,0.01637930817,0.269999648
182.64,6,2.217171717,4.08800824e-05,2.970380179e-138,4.647392311e-06,7.163731793e-20,2.83669495e-05,9.457332196e-06,0.01635141827,0.2699996615
182.64,6,2.265151515,3.605250133e-05,1.356707882e-144,4.647744682e-06,7.16239181e-20,2.836678754e-05,9.238980807e-06,0.01632539691,0.2699996743
182.64,6,2.313131313,3.160359921e-05,6.199454683e-151,4.648089746e-06,7.16107995e-20,2.836663074e-05,9.292588761e-06,0.01630124019,0.2699996867
182.64,6,2.361111111,2.751934987e-05,2.83403746e-157,4.64842701e-06,7.159797068e-20,2.836647906e-05,9.243701054e-06,0.01627893019,0.2699996985
182.64,6,2.409090909,2.378564883e-05,1.296090221e-163,4.648756052e-06,7.1585439e-20,2.836633249e-05,9.119473911e-06,0.01625843732,0.2699997098
182.64,6,2.457070707,2.038828233e-05,5.929737434e-170,4.649076516e-06,7.157321064e-20,2.836619098e-05,8.976341787e-06,0.01623972173,0.2699997208
182.64,6,2.505050505,1.731291753e-05,2.713936671e-176,4.649388109e-06,7.156129069e-20,2.836605448e-05,8.838376822e-06,0.01622273582,0.2699997313
182.64,6,2.553030303,1.454510873e-05,1.242572614e-182,4.6496906e-06,7.154968317e-20,2.836592295e-05,8.715066039e-06,0.01620742619,0.2699997414
182.64,6,2.601010101,1.207031603e-05,5.691094777e-189,4.649983814e-06,7.15383911e-20,2.83657963e-05,8.608938244e-06,0.01619373463,0.2699997511
182.64,6,2.648989899,9.873934087e-06,2.607451873e-195,4.650267633e-06,7.152741654e-20,2.836567446e-05,8.518668127e-06,0.01618159848,0.2699997605
182.64,6,2.696969697,7.94132977e-06,1.195027756e-201,4.650541987e-06,7.151676066e-20,2.836555733e-05,8.441514955e-06,0.01617095114,0.2699997695
182.64,6,2.744949495,6.257887864e-06,5.478679987e-208,4.650806856e-06,7.150642379e-20,2.836544483e-05,8.375889168e-06,0.0161617222,0.2699997783
182.64,6,2.792929293,4.809064286e-06,2.512496259e-214,4.651062265e-06,7.149640548e-20,2.836533686e-05,8.322624626e-06,0.01615383787,0.2699997867
182.64,6,2.840909091,3.580446561e-06,1.152555905e-220,4.65130828e-06,7.148670456e-20,2.836523329e-05,8.283069281e-06,0.01614722089,0.2699997948
182.64,6,2.888888889,2.557822283e-06,5.288608558e-227,4.651545008e-06,7.147731921e-20,2.836513403e-05,8.256310421e-06,0.01614179104,0.2699998027
182.64,6,2.936868687,1.727256317e-06,2.427390587e-233,4.651772588e-06,7.146824698e-20,2.836503894e-05,8.239332723e-06,0.01613746465,0.2699998103
182.64,6,2.984848485,1.075179911e-06,1.114430232e-239,4.651991193e-06,7.145948489e-20,2.836494791e-05,8.228910931e-06,0.01613415486,0.2699998177
182.64,6,3.032828283,5.884963546e-07,5.117730774e-246,4.652201026e-06,7.145102946e-20,2.836486081e-05,8.222678729e-06,0.0161317717,0.2699998248
182.64,6,3.080808081,2.547130762e-07,2.350768343e-252,4.652402316e-06,7.14428768e-20,2.83647775e-05,8.219188403e-06,0.01613022531,0.2699998318
182.64,6,3.128787879,6.211921593e-08,1.080057206e-258,4.652595316e-06,7.14350226e-20,2.836469786e-05,8.217482748e-06,0.01612944263,0.2699998385
182.64,6,3.176767677,5.698706365e-11,4.963465891e-265,4.652780292e-06,7.142746225e-20,2.836462175e-05,8.216716839e-06,0.01612926298,0.269999845
182.64,6,3.224747475,2.61702756e-14,2.281506209e-271,4.652957515e-06,7.142019085e-20,2.836454903e-05,8.216193479e-06,0.01612922297,0.2699998513
182.64,6,3.272727273,1.202086583e-17,1.048947386e-277,4.653127246e-06,7.141320325e-20,2.836447957e-05,8.215784907e-06,0.01612919241,0.2699998574
182.64,6,3.320707071,5.522756208e-21,4.823679269e-284,4.65328973e-06,7.140649412e-20,2.836441325e-05,8.215463667e-06,0.01612916784,0.2699998634
182.64,6,3.368686869,2.537850385e-24,2.218672301e-290,4.653445205e-06,7.140005798e-20,2.836434995e-05,8.215209876e-06,0.01612914793,0.2699998692
182.64,6,3.416666667,1.166443322e-27,1.020693576e-296,4.653593894e-06,7.139388923e-20,2.836428955e-05,8.215008629e-06,0.01612913173,0.2699998748
182.64,6,3.464646465,5.362240864e-31,4.696590038e-303,4.65373601e-06,7.13879822e-20,2.836423195e-05,8.214848572e-06,0.01612911849,0.2699998802
182.64,6,3.512626263,2.465538082e-34,2.161487075e-309,4.653871757e-06,7.138233114e-20,2.836417705e-05,8.21472096e-06,0.01612910764,0.2699998856
182.64,6,3.560606061,1.133855196e-37,9.949542592e-316,4.65400133e-06,7.137693032e-20,2.836412476e-05,8.214619001e-06,0.01612909874,0.2699998907
182.64,6,3.608585859,5.2153302e-41,4.594810506e-322,4.654124911e-06,7.137177398e-20,2.836407499e-05,8.214537386e-06,0.01612909143,0.2699998958
182.64,6,3.656565657,2.399287541e-44,0,4.654242678e-06,7.136685639e-20,2.836402765e-05,8.214471947e-06,0.01612908542,0.2699999007
182.64,6,3.704545455,1.103969508e-47,0,4.654354798e-06,7.136217189e-20,2.836398267e-05,8.214419396e-06,0.01612908047,0.2699999054
182.64,6,3.752525253,5.080474113e-51,0,4.654461431e-06,7.135771485e-20,2.836393997e-05,8.214377136e-06,0.0161290764,0.2699999101
182.64,6,3.800505051,2.338416995e-54,0,4.654562731e-06,7.135347975e-20,2.836389946e-05,8.214343104e-06,0.01612907305,0.2699999146
182.64,6,3.848484848,1.076486187e-57,0,4.654658843e-06,7.134946114e-20,2.83638611e-05,8.214315663e-06,0.01612907029,0.2699999191
182.64,6,3.896464646,4.956350969e-61,0,4.654749908e-06,7.13456537e-20,2.836382481e-05,8.214293508e-06,0.01612906802,0.2699999234
182.64,6,3.944444444,2.282343948e-64,0,4.654836058e-06,7.134205219e-20,2.836379053e-05,8.214275599e-06,0.01612906616,0.2699999276
182.64,6,3.992424242,1.051148334e-67,0,4.654917422e-06,7.133865154e-20,2.83637582e-05,8.214261104e-06,0.01612906462,0.2699999317
182.64,6,4.04040404,4.841827034e-71,0,4.654994121e-06,7.133544676e-20,2.836372777e-05,8.214249358e-06,0.01612906336,0.2699999357
182.64,6,4.088383838,2.23056775e-74,0,4.655066274e-06,7.133243303e-20,2.836369917e-05,8.214239826e-06,0.01612906233,0.2699999396
182.64,6,4.136363636,1.027734732e-77,0,4.655133992e-06,7.132960565e-20,2.836367237e-05,8.214232081e-06,0.01612906148,0.2699999435
182.64,6,4.184343434,4.735924247e-81,0,4.655197383e-06,7.132696006e-20,2.836364731e-05,8.214225778e-06,0.01612906078,0.2699999472
182.64,6,4.232323232,2.182655724e-84,0,4.655256552e-06,7.132449184e-20,2.836362395e-05,8.214220641e-06,0.01612906021,0.2699999509
182.64,6,4.28030303,1.006053861e-87,0,4.655311597e-06,7.132219673e-20,2.836360223e-05,8.214216445e-06,0.01612905975,0.2699999544
182.64,6,4.328282828,4.637794409e-91,0,4.655362613e-06,7.132007059e-20,2.836358213e-05,8.214213012e-06,0.01612905937,0.2699999579
182.64,6,4.376262626,2.138232015e-94,0,4.655409694e-06,7.131810942e-20,2.836356359e-05,8.214210194e-06,0.01612905906,0.2699999614
182.64,6,4.424242424,9.859390842e-98,0,4.655452928e-06,7.131630937e-20,2.836354658e-05,8.214207874e-06,0.0161290588,0.2699999647
182.64,6,4.472222222,4.546698343e-101,0,4.655492399e-06,7.131466671e-20,2.836353107e-05,8.214205956e-06,0.0161290586,0.269999968
182.64,6,4.52020202,2.09696857e-104,0,4.655528191e-06,7.131317785e-20,2.836351701e-05,8.214204363e-06,0.01612905843,0.2699999712
182.64,6,4.568181818,9.672447377e-108,0,4.655560381e-06,7.131183933e-20,2.836350437e-05,8.214203029e-06,0.0161290583,0.2699999743
182.64,6,4.616161616,4.461988945e-111,0,4.655589048e-06,7.131064782e-20,2.836349313e-05,8.214201903e-06,0.01612905819,0.2699999774
182.64,6,4.664141414,2.058577782e-114,0,4.655614264e-06,7.130960008e-20,2.836348324e-05,8.214200941e-06,0.0161290581,0.2699999804
182.64,6,4.712121212,9.498429337e-118,0,4.655636101e-06,7.130869304e-20,2.836347468e-05,8.214200106e-06,0.01612905803,0.2699999834
182.64,6,4.76010101,4.383097294e-121,0,4.655654628e-06,7.130792369e-20,2.836346742e-05,8.214199366e-06,0.01612905798,0.2699999862
182.64,6,4.808080808,2.022806448e-124,0,4.655669912e-06,7.130728918e-20,2.836346144e-05,8.214198693e-06,0.01612905793,0.2699999891
182.64,6,4.856060606,9.336209346e-128,0,4.655682018e-06,7.130678671e-20,2.83634567e-05,8.214198061e-06,0.0161290579,0.2699999919
182.64,6,4.904040404,4.309521214e-131,0,4.655691007e-06,7.130641363e-20,2.836345318e-05,8.214197445e-06,0.01612905788,0.2699999946
182.64,6,4.952020202,1.989430788e-134,0,4.655696942e-06,7.130616736e-20,2.836345086e-05,8.21419682e-06,0.01612905787,0.2699999973
182.64,6,5,9.189112408e-138,0,4.655699881e-06,7.130604542e-20,2.836344971e-05,8.214196166e-06,0.01612905786,0.27
365.28,12,0.25,0.01301680082,6.21319165,1.348515873e-06,9.000295011e-34,3.090005123e-05,13.62034936,0.03142255493,0.3459489409
365.28,12,0.297979798,0.001103849722,0.8061917928,1.348567728e-06,9.000124575e-34,3.089997062e-05,0.3437615893,0.01909076856,0.2404167299
365.28,12,0.345959596,0.0006040267409,0.06000954632,1.34861356e-06,8.999825625e-34,3.089989363e-05,0.1510970129,0.01808327686,0.2561151662
365.28,12,0.3939393939,0.0005481440217,0.004327123955,1.348648543e-06,8.99942203e-34,3.08998248e-05,0.0903151142,0.01791681888,0.2674964087
365.28,12,0.4419191919,0.0005179584478,0.0003150148927,1.34867645e-06,8.998927611e-34,3.089976115e-05,0.06248450473,0.01782333536,0.2696808713
365.28,12,0.4898989899,0.0004891043117,9.914484799e-05,1.348700845e-06,8.998351437e-34,3.089970062e-05,0.04754084809,0.01774334152,0.2699631327
365.28,12,0.5378787879,0.0004611757454,8.444635944e-05,1.34872444e-06,8.997699993e-34,3.089964199e-05,0.03743982067,0.01767099309,0.2699944531
365.28,12,0.5858585859,0.0004344891857,6.640574024e-05,1.348749237e-06,8.996978283e-34,3.089958448e-05,0.02980153227,0.01760436842,0.2699977619
365.28,12,0.6338383838,0.0004091416135,4.065184037e-05,1.348776706e-06,8.99619043e-34,3.089952764e-05,0.02372250796,0.01754226185,0.2699982057
365.28,12,0.6818181818,0.0003851209239,6.490552464e-06,1.348807931e-06,8.995340023e-34,3.089947118e-05,0.01878599122,0.01748390031,0.269998357
365.28,12,0.7297979798,0.0003623476125,5.615058302e-12,1.348843707e-06,8.994430319e-34,3.089941495e-05,0.01481977253,0.01742873615,0.269998492
365.28,12,0.7777777778,0.000340838428,1.128052133e-21,1.34888461e-06,8.993464376e-34,3.089935885e-05,0.01167761438,0.01737638307,0.2699986071
365.28,12,0.8257575758,0.000320597301,1.13743825e-31,1.348931048e-06,8.992445128e-34,3.089930287e-05,0.009197827441,0.01732660679,0.2699987042
365.28,12,0.8737373737,0.0003015974476,1.150671968e-41,1.348983293e-06,8.991375435e-34,3.089924698e-05,0.00723837683,0.01727924042,0.2699987896
365.28,12,0.9217171717,0.0002837927646,1.16748158e-51,1.349041508e-06,8.990258119e-34,3.089919123e-05,0.005686446315,0.01723414816,0.2699988659
365.28,12,0.9696969697,0.0002671258462,1.187669672e-61,1.349105766e-06,8.989095981e-34,3.089913564e-05,0.004454105846,0.0171912093,0.2699989346
365.28,12,1.017676768,0.0002515334554,1.211097239e-71,1.349176065e-06,8.987891811e-34,3.089908025e-05,0.003473152527,0.01715031123,0.2699989968
365.28,12,1.065656566,0.0002369501867,1.237672129e-81,1.349252339e-06,8.986648397e-34,3.089902511e-05,0.002690816697,0.01711134656,0.2699990535
365.28,12,1.113636364,0.0002233108554,1.267340544e-91,1.349334462e-06,8.985368524e-34,3.089897026e-05,0.002066350641,0.0170742121,0.2699991053
365.28,12,1.161616162,0.0002105519918,1.300080711e-101,1.34942226e-06,8.984054976e-34,3.089891575e-05,0.001568362309,0.01703880864,0.2699991528
365.28,12,1.20959596,0.0001986127096,1.335898158e-111,1.349515513e-06,8.982710531e-34,3.089886163e-05,0.001172736137,0.01700504082,0.2699991965
365.28,12,1.257575758,0.000187435138,1.374822155e-121,1.349613957e-06,8.981337959e-34,3.089880792e-05,0.0008609746149,0.01697281707,0.2699992369
365.28,12,1.305555556,0.0001769645596,1.416903041e-131,1.349717292e-06,8.979940016e-34,3.089875469e-05,0.000618786738,0.01694204935,0.2699992743
365.28,12,1.353535354,0.0001671493646,1.462210228e-141,1.349825182e-06,8.978519438e-34,3.089870195e-05,0.0004347728903,0.01691265287,0.2699993091
365.28,12,1.401515152,0.0001579409256,1.510830719e-151,1.349937262e-06,8.977078939e-34,3.089864975e-05,0.0002991810541,0.01688454567,0.2699993415
365.28,12,1.449494949,0.0001492934882,1.562868043e-161,1.35005314e-06,8.975621197e-34,3.089859811e-05,0.0002029286514,0.01685764843,0.2699993718
365.28,12,1.497474747,0.0001411641463,1.618441506e-171,1.350172402e-06,8.974148856e-34,3.089854707e-05,0.0001371827117,0.01683188461,0.2699994001
365.28,12,1.545454545,0.0001335129175,1.677685713e-181,1.350294622e-06,8.972664515e-34,3.089849665e-05,9.828442379e-05,0.01680718098,0.2699994266
365.28,12,1.593434343,0.000126309541,1.740750325e-191,1.350419362e-06,8.971170725e-34,3.089844688e-05,9.446844171e-05,0.0167834797,0.2699994516
365.28,12,1.641414141,0.0001195193374,1.807799948e-201,1.350546181e-06,8.969669978e-34,3.089839777e-05,9.183898679e-05,0.01676072533,0.2699994751
365.28,12,1.689393939,0.0001131097622,1.879014183e-211,1.350674637e-06,8.968164711e-34,3.089834935e-05,6.838139449e-05,0.01673885406,0.2699994973
365.28,12,1.737373737,0.0001070517062,1.954587881e-221,1.350804295e-06,8.966657289e-34,3.089830162e-05,5.167472419e-05,0.01671780809,0.2699995182
365.28,12,1.785353535,0.0001013191128,2.034731497e-231,1.350934732e-06,8.96515001e-34,3.089825462e-05,4.002343586e-05,0.01669753572,0.269999538
365.28,12,1.833333333,9.588871782e-05,2.119671505e-241,1.351065534e-06,8.963645095e-34,3.089820835e-05,3.169150444e-05,0.01667799098,0.2699995568
365.28,12,1.881313131,9.073968815e-05,2.209650938e-251,1.351196309e-06,8.962144687e-34,3.089816283e-05,2.560245388e-05,0.01665913296,0.2699995746
365.28,12,1.929292929,8.585331218e-05,2.304930021e-261,1.35132668e-06,8.960650846e-34,3.089811806e-05,2.107474109e-05,0.01664092526,0.2699995916
365.28,12,1.977272727,8.121273575e-05,2.405786896e-271,1.351456297e-06,8.959165543e-34,3.089807406e-05,1.766601937e-05,0.01662333543,0.2699996077
365.28,12,2.025252525,7.680273478e-05,2.51251844e-281,1.351584829e-06,8.957690666e-34,3.089803084e-05,1.508166835e-05,0.01660633538,0.269999623
365.28,12,2.073232323,7.260951801e-05,2.625441153e-291,1.351711976e-06,8.956228008e-34,3.08979884e-05,1.312046602e-05,0.01658989886,0.2699996377
365.28,12,2.121212121,6.862055761e-05,2.744892152e-301,1.351837459e-06,8.954779271e-34,3.089794676e-05,1.164381147e-05,0.01657400237,0.2699996516
365.28,12,2.169191919,6.482444192e-05,2.871230241e-311,1.351961028e-06,8.953346064e-34,3.089790591e-05,1.056344818e-05,0.01655862491,0.269999665
365.28,12,2.217171717,6.121074699e-05,3.003919127e-321,1.352082457e-06,8.951929899e-34,3.089786587e-05,9.86360633e-06,0.0165437476,0.2699996778
365.28,12,2.265151515,5.776992407e-05,0,1.352201546e-06,8.950532197e-34,3.089782665e-05,9.645254941e-06,0.01652935333,0.26999969
365.28,12,2.313131313,5.449320128e-05,0,1.352318117e-06,8.949154282e-34,3.089778823e-05,9.698862895e-06,0.01651542639,0.2699997018
365.28,12,2.361111111,5.137249724e-05,0,1.352432018e-06,8.947797382e-34,3.089775063e-05,9.649975189e-06,0.01650195236,0.269999713
365.28,12,2.409090909,4.840034534e-05,0,1.352543118e-06,8.946462636e-34,3.089771386e-05,9.525748045e-06,0.01648891794,0.2699997238
365.28,12,2.457070707,4.556982696e-05,0,1.352651305e-06,8.945151086e-34,3.089767791e-05,9.382615921e-06,0.01647631085,0.2699997342
365.28,12,2.505050505,4.287451266e-05,0,1.35275649e-06,8.943863685e-34,3.089764278e-05,9.244650956e-06,0.01646411971,0.2699997442
365.28,12,2.553030303,4.03084101e-05,0,1.352858601e-06,8.942601298e-34,3.089760847e-05,9.121340173e-06,0.01645233391,0.2699997538
365.28,12,2.601010101,3.786591803e-05,0,1.352957587e-06,8.941364702e-34,3.089757499e-05,9.015212378e-06,0.01644094358,0.2699997631
365.28,12,2.648989899,3.554178544e-05,0,1.353053411e-06,8.940154588e-34,3.089754233e-05,8.924942261e-06,0.01642993947,0.269999772
365.28,12,2.696969697,3.333107529e-05,0,1.353146055e-06,8.938971568e-34,3.08975105e-05,8.847789089e-06,0.01641931286,0.2699997806
365.28,12,2.744949495,3.122913237e-05,0,1.353235514e-06,8.937816171e-34,3.089747948e-05,8.782163302e-06,0.01640905551,0.2699997889
365.28,12,2.792929293,2.92315546e-05,0,1.353321799e-06,8.936688853e-34,3.089744929e-05,8.72889876e-06,0.01639915957,0.269999797
365.28,12,2.840909091,2.733416769e-05,0,1.353404933e-06,8.935589994e-34,3.089741991e-05,8.689343415e-06,0.01638961757,0.2699998047
365.28,12,2.888888889,2.553300242e-05,0,1.353484952e-06,8.934519905e-34,3.089739135e-05,8.662584555e-06,0.0163804223,0.2699998122
365.28,12,2.936868687,2.382427461e-05,0,1.353561903e-06,8.933478832e-34,3.089736359e-05,8.645606857e-06,0.01637156684,0.2699998195
365.28,12,2.984848485,2.220436717e-05,0,1.353635843e-06,8.932466955e-34,3.089733664e-05,8.635185065e-06,0.01636304447,0.2699998265
365.28,12,3.032828283,2.066981425e-05,0,1.353706839e-06,8.931484396e-34,3.089731049e-05,8.628952864e-06,0.01635484866,0.2699998333
365.28,12,3.080808081,1.921728713e-05,0,1.353774966e-06,8.93053122e-34,3.089728514e-05,8.625462537e-06,0.01634697311,0.2699998399
365.28,12,3.128787879,1.784358156e-05,0,1.353840306e-06,8.929607438e-34,3.089726057e-05,8.623756882e-06,0.01633941195,0.2699998463
365.28,12,3.176767677,1.654560619e-05,0,1.353902946e-06,8.928713014e-34,3.089723679e-05,8.622990974e-06,0.01633215863,0.2699998525
365.28,12,3.224747475,1.532037331e-05,0,1.353962975e-06,8.927847866e-34,3.089721379e-05,8.622467614e-06,0.01632520569,0.2699998585
365.28,12,3.272727273,1.416499193e-05,0,1.354020477e-06,8.927011869e-34,3.089719156e-05,8.622059041e-06,0.01631854647,0.2699998643
365.28,12,3.320707071,1.3076661e-05,0,1.354075535e-06,8.926204857e-34,3.089717009e-05,8.621737801e-06,0.01631217468,0.26999987
365.28,12,3.368686869,1.205266302e-05,0,1.354128225e-06,8.925426633e-34,3.089714938e-05,8.621484011e-06,0.0163060841,0.2699998755
365.28,12,3.416666667,1.109035847e-05,0,1.354178621e-06,8.924676964e-34,3.089712943e-05,8.621282763e-06,0.01630026853,0.2699998808
365.28,12,3.464646465,1.018718101e-05,0,1.354226796e-06,8.923955588e-34,3.089711021e-05,8.621122706e-06,0.01629472175,0.269999886
365.28,12,3.512626263,9.340633358e-06,0,1.354272815e-06,8.923262219e-34,3.089709172e-05,8.620995094e-06,0.01628943757,0.2699998911
365.28,12,3.560606061,8.548283773e-06,0,1.354316744e-06,8.922596544e-34,3.089707396e-05,8.620893135e-06,0.01628440978,0.269999896
365.28,12,3.608585859,7.807763099e-06,0,1.354358644e-06,8.921958232e-34,3.089705692e-05,8.620811521e-06,0.01627963213,0.2699999008
365.28,12,3.656565657,7.116762311e-06,0,1.354398574e-06,8.921346933e-34,3.089704059e-05,8.620746081e-06,0.0162750984,0.2699999054
365.28,12,3.704545455,6.473030513e-06,0,1.35443659e-06,8.920762281e-34,3.089702495e-05,8.620693531e-06,0.01627080229,0.26999991
365.28,12,3.752525253,5.874373349e-06,0,1.354472747e-06,8.920203895e-34,3.089701e-05,8.62065127e-06,0.0162667375,0.2699999144
365.28,12,3.800505051,5.318651785e-06,0,1.354507096e-06,8.919671386e-34,3.089699573e-05,8.620617238e-06,0.01626289771,0.2699999187
365.28,12,3.848484848,4.803781224e-06,0,1.354539685e-06,8.919164354e-34,3.089698214e-05,8.620589797e-06,0.01625927654,0.269999923
365.28,12,3.896464646,4.327730935e-06,0,1.354570562e-06,8.918682392e-34,3.08969692e-05,8.620567642e-06,0.01625586761,0.2699999271
365.28,12,3.944444444,3.888523746e-06,0,1.354599773e-06,8.918225086e-34,3.089695692e-05,8.620549734e-06,0.01625266452,0.2699999311
365.28,12,3.992424242,3.484236009e-06,0,1.35462736e-06,8.91779202e-34,3.089694527e-05,8.620535239e-06,0.01624966082,0.269999935
365.28,12,4.04040404,3.112997777e-06,0,1.354653365e-06,8.917382775e-34,3.089693426e-05,8.620523492e-06,0.01624685008,0.2699999388
365.28,12,4.088383838,2.772993223e-06,0,1.354677827e-06,8.916996932e-34,3.089692387e-05,8.620513961e-06,0.01624422586,0.2699999425
365.28,12,4.136363636,2.462461243e-06,0,1.354700785e-06,8.91663407e-34,3.089691409e-05,8.620506216e-06,0.01624178171,0.2699999462
365.28,12,4.184343434,2.179696271e-06,0,1.354722275e-06,8.916293771e-34,3.089690491e-05,8.620499913e-06,0.01623951121,0.2699999497
365.28,12,4.232323232,1.923049286e-06,0,1.354742333e-06,8.915975619e-34,3.089689632e-05,8.620494775e-06,0.01623740797,0.2699999532
365.28,12,4.28030303,1.690929018e-06,0,1.354760993e-06,8.915679203e-34,3.089688831e-05,8.62049058e-06,0.01623546565,0.2699999566
365.28,12,4.328282828,1.481803359e-06,0,1.354778286e-06,8.915404113e-34,3.089688088e-05,8.620487146e-06,0.016233678,0.26999996
365.28,12,4.376262626,1.29420101e-06,0,1.354794244e-06,8.915149945e-34,3.0896874e-05,8.620484328e-06,0.01623203883,0.2699999632
365.28,12,4.424242424,1.126713371e-06,0,1.354808898e-06,8.914916302e-34,3.089686768e-05,8.620482008e-06,0.01623054214,0.2699999664
365.28,12,4.472222222,9.779967213e-07,0,1.354822276e-06,8.914702791e-34,3.08968619e-05,8.62048009e-06,0.01622918206,0.2699999695
365.28,12,4.52020202,8.467747341e-07,0,1.354834406e-06,8.914509027e-34,3.089685665e-05,8.620478497e-06,0.01622795299,0.2699999726
365.28,12,4.568181818,7.318413712e-07,0,1.354845316e-06,8.91433463e-34,3.089685193e-05,8.620477163e-06,0.01622684961,0.2699999756
365.28,12,4.616161616,6.320642216e-07,0,1.354855031e-06,8.914179229e-34,3.089684771e-05,8.620476038e-06,0.016225867,0.2699999785
365.28,12,4.664141414,5.463883326e-07,0,1.354863576e-06,8.914042457e-34,3.089684401e-05,8.620475076e-06,0.01622500073,0.2699999813
365.28,12,4.712121212,4.738405656e-07,0,1.354870976e-06,8.913923958e-34,3.089684079e-05,8.620474241e-06,0.016224247,0.2699999842
365.28,12,4.76010101,4.135344513e-07,0,1.354877254e-06,8.913823381e-34,3.089683806e-05,8.6204735e-06,0.0162236028,0.2699999869
365.28,12,4.808080808,3.646754198e-07,0,1.354882433e-06,8.913740383e-34,3.089683581e-05,8.620472827e-06,0.01622306603,0.2699999896
365.28,12,4.856060606,3.26566115e-07,0,1.354886535e-06,8.913674628e-34,3.089683403e-05,8.620472195e-06,0.0162226357,0.2699999922
365.28,12,4.904040404,2.98611268e-07,0,1.354889582e-06,8.913625787e-34,3.08968327e-05,8.620471579e-06,0.01622231186,0.2699999948
365.28,12,4.952020202,2.803213717e-07,0,1.354891593e-06,8.91359354e-34,3.089683183e-05,8.620470954e-06,0.01622209552,0.2699999974
365.28,12,5,2.713142978e-07,0,1.354892588e-06,8.91357757e-34,3.089683139e-05,8.6204703e-06,0.01622198797,0.27
730.56,24,0.25,0.01136449259,5.831206933,7.481917948e-08,2.132556548e-61,3.18845607e-05,20.12414102,0.02957715865,0.338782712
730.56,24,0.297979798,0.001066906288,0.7180577204,7.482248686e-08,2.132535923e-61,3.188455639e-05,0.1673091065,0.01872358742,0.2431367474
730.56,24,0.345959596,0.0005938425371,0.05291983485,7.482544108e-08,2.132499589e-61,3.188455229e-05,0.07319480737,0.01787119373,0.2574562115
730.56,24,0.3939393939,0.0005207432569,0.003721113764,7.482774191e-08,2.132450418e-61,3.188454862e-05,0.04372318906,0.01772875934,0.2677453872
730.56,24,0.4419191919,0.0004775094412,0.0002623264624,7.482961617e-08,2.132390023e-61,3.188454525e-05,0.03023907097,0.01764264425,0.2697136977
730.56,24,0.4898989899,0.0004409974989,9.663859826e-05,7.48312756e-08,2.132319446e-61,3.188454208e-05,0.0230020699,0.0175676029,0.2699670786
730.56,24,0.5378787879,0.0004091959274,8.230130394e-11,7.483288002e-08,2.132239418e-61,3.188453905e-05,0.01810940658,0.01750026756,0.2699949889
730.56,24,0.5858585859,0.0003808083877,1.619128156e-20,7.483454675e-08,2.132150487e-61,3.188453611e-05,0.01441062018,0.01743846562,0.2699979586
730.56,24,0.6338383838,0.000355276494,1.60316008e-30,7.483636163e-08,2.132053095e-61,3.188453325e-05,0.01146824815,0.0173814112,0.2699983756
730.56,24,0.6818181818,0.0003321798151,1.596145684e-40,7.483838758e-08,2.131947617e-61,3.188453044e-05,0.009079798947,0.01732851211,0.2699985281
730.56,24,0.7297979798,0.0003111948297,1.596788026e-50,7.484067065e-08,2.131834386e-61,3.188452767e-05,0.007161430055,0.01727931426,0.2699986419
730.56,24,0.7777777778,0.0002920624992,1.60413376e-60,7.484324411e-08,2.131713711e-61,3.188452494e-05,0.005642053413,0.01723345133,0.26999874
730.56,24,0.8257575758,0.0002745679172,1.617476695e-70,7.484613134e-08,2.131585885e-61,3.188452225e-05,0.004443261933,0.017190613,0.2699988267
730.56,24,0.8737373737,0.0002585290603,1.636292791e-80,7.484934793e-08,2.131451191e-61,3.188451958e-05,0.003496233621,0.01715052951,0.2699989038
730.56,24,0.9217171717,0.0002437898238,1.660195319e-90,7.485290317e-08,2.131309909e-61,3.188451694e-05,0.002746327652,0.01711296315,0.2699989728
730.56,24,0.9696969697,0.0002302151429,1.688903295e-100,7.485680115e-08,2.131162314e-61,3.188451432e-05,0.002150971268,0.01707770268,0.2699990351
730.56,24,1.017676768,0.0002176873683,1.722218858e-110,7.486104163e-08,2.131008684e-61,3.188451173e-05,0.001677153078,0.01704455934,0.2699990915
730.56,24,1.065656566,0.000206103468,1.760010832e-120,7.486562065e-08,2.130849297e-61,3.188450917e-05,0.001299338628,0.01701336369,0.2699991428
730.56,24,1.113636364,0.0001953727966,1.802202611e-130,7.487053103e-08,2.130684432e-61,3.188450663e-05,0.0009978154705,0.01698396314,0.2699991896
730.56,24,1.161616162,0.0001854152752,1.848763167e-140,7.487576267e-08,2.130514369e-61,3.188450412e-05,0.0007574003246,0.01695621979,0.2699992327
730.56,24,1.20959596,0.0001761598739,1.89970031e-150,7.488130287e-08,2.130339394e-61,3.188450164e-05,0.0005664313796,0.01693000861,0.2699992723
730.56,24,1.257575758,0.0001675433296,1.955055628e-160,7.488713656e-08,2.13015979e-61,3.188449919e-05,0.000415964936,0.01690521578,0.2699993089
730.56,24,1.305555556,0.0001595090501,2.014900684e-170,7.489324648e-08,2.129975846e-61,3.188449676e-05,0.0002990921265,0.0168817372,0.2699993428
730.56,24,1.353535354,0.0001520061792,2.079334172e-180,7.489961343e-08,2.12978785e-61,3.188449436e-05,0.0002103028881,0.01685947711,0.2699993742
730.56,24,1.401515152,0.0001449888096,2.14847981e-190,7.490621647e-08,2.129596091e-61,3.188449199e-05,0.0001448849046,0.01683834701,0.2699994036
730.56,24,1.449494949,0.00013841535,2.222484821e-200,7.491303322e-08,2.129400861e-61,3.188448965e-05,0.0001002202096,0.01681826467,0.269999431
730.56,24,1.497474747,0.0001322527631,2.301518902e-210,7.492004009e-08,2.129202449e-61,3.188448735e-05,9.456801833e-05,0.01679915865,0.2699994566
730.56,24,1.545454545,0.0001264680984,2.385773504e-220,7.492721267e-08,2.129001146e-61,3.188448507e-05,9.335371797e-05,0.01678097316,0.2699994807
730.56,24,1.593434343,0.000121028089,2.475461436e-230,7.493452597e-08,2.128797241e-61,3.188448282e-05,9.274820293e-05,0.01676363634,0.2699995033
730.56,24,1.641414141,0.0001159032033,2.570816781e-240,7.49419548e-08,2.128591022e-61,3.188448061e-05,9.160632032e-05,0.01674708309,0.2699995246
730.56,24,1.689393939,0.0001110673044,2.672094983e-250,7.4949474e-08,2.128382775e-61,3.188447842e-05,6.919393433e-05,0.01673125535,0.2699995446
730.56,24,1.737373737,0.0001064971938,2.779573177e-260,7.495705877e-08,2.128172783e-61,3.188447627e-05,5.248727245e-05,0.01671610118,0.2699995636
730.56,24,1.785353535,0.000102172046,2.893550693e-270,7.496468487e-08,2.127961328e-61,3.188447415e-05,4.083598412e-05,0.01670157346,0.2699995816
730.56,24,1.833333333,9.807322775e-05,3.014349643e-280,7.497232883e-08,2.127748687e-61,3.188447206e-05,3.25040527e-05,0.01668762974,0.2699995986
730.56,24,1.881313131,9.418401816e-05,3.142315693e-290,7.497996817e-08,2.127535133e-61,3.188447001e-05,2.641500215e-05,0.01667423168,0.2699996147
730.56,24,1.929292929,9.048937118e-05,3.277818958e-300,7.498758152e-08,2.127320935e-61,3.188446799e-05,2.188728937e-05,0.01666134453,0.26999963
730.56,24,1.977272727,8.697571213e-05,3.421255042e-310,7.499514878e-08,2.127106357e-61,3.1884466e-05,1.847856765e-05,0.01664893678,0.2699996446
730.56,24,2.025252525,8.363076339e-05,3.573082751e-320,7.500265121e-08,2.126891658e-61,3.188446404e-05,1.589421663e-05,0.01663697977,0.2699996585
730.56,24,2.073232323,8.044339416e-05,0,7.501007157e-08,2.126677093e-61,3.188446212e-05,1.393301429e-05,0.01662544737,0.2699996718
730.56,24,2.121212121,7.740349069e-05,0,7.501739408e-08,2.126462907e-61,3.188446023e-05,1.245635974e-05,0.01661431574,0.2699996845
730.56,24,2.169191919,7.450184372e-05,0,7.502460441e-08,2.126249343e-61,3.188445837e-05,1.137599645e-05,0.01660356309,0.2699996966
730.56,24,2.217171717,7.173005049e-05,0,7.503168972e-08,2.126036636e-61,3.188445655e-05,1.06761546e-05,0.01659316946,0.2699997081
730.56,24,2.265151515,6.908042922e-05,0,7.503863855e-08,2.125825011e-61,3.188445476e-05,1.045780321e-05,0.01658311656,0.2699997192
730.56,24,2.313131313,6.654594426e-05,0,7.504544083e-08,2.125614691e-61,3.188445301e-05,1.051141116e-05,0.01657338758,0.2699997299
730.56,24,2.361111111,6.41201403e-05,0,7.505208781e-08,2.125405889e-61,3.188445129e-05,1.046252346e-05,0.01656396709,0.2699997401
730.56,24,2.409090909,6.179708454e-05,0,7.505857201e-08,2.125198809e-61,3.18844496e-05,1.033829631e-05,0.01655484088,0.2699997498
730.56,24,2.457070707,5.95713155e-05,0,7.506488712e-08,2.124993651e-61,3.188444795e-05,1.019516419e-05,0.01654599587,0.2699997593
730.56,24,2.505050505,5.743779787e-05,0,7.507102802e-08,2.124790603e-61,3.188444633e-05,1.005719923e-05,0.01653742002,0.2699997683
730.56,24,2.553030303,5.539188228e-05,0,7.507699066e-08,2.124589848e-61,3.188444475e-05,9.933888442e-06,0.01652910219,0.269999777
730.56,24,2.601010101,5.342926967e-05,0,7.508277202e-08,2.124391559e-61,3.18844432e-05,9.827760646e-06,0.01652103214,0.2699997854
730.56,24,2.648989899,5.154597944e-05,0,7.50883701e-08,2.124195903e-61,3.188444168e-05,9.737490529e-06,0.01651320041,0.2699997935
730.56,24,2.696969697,4.973832105e-05,0,7.509378378e-08,2.124003037e-61,3.18844402e-05,9.660337358e-06,0.01650559824,0.2699998013
730.56,24,2.744949495,4.800286852e-05,0,7.509901284e-08,2.123813111e-61,3.188443875e-05,9.594711571e-06,0.01649821759,0.2699998088
730.56,24,2.792929293,4.633643767e-05,0,7.510405787e-08,2.123626264e-61,3.188443733e-05,9.541447029e-06,0.01649105099,0.2699998161
730.56,24,2.840909091,4.473606556e-05,0,7.51089202e-08,2.123442632e-61,3.188443595e-05,9.501891684e-06,0.01648409158,0.2699998231
730.56,24,2.888888889,4.319899204e-05,0,7.511360188e-08,2.123262338e-61,3.18844346e-05,9.475132824e-06,0.01647733301,0.2699998299
730.56,24,2.936868687,4.172264306e-05,0,7.511810559e-08,2.123085499e-61,3.188443329e-05,9.458155126e-06,0.01647076944,0.2699998365
730.56,24,2.984848485,4.030461564e-05,0,7.512243458e-08,2.122912225e-61,3.188443201e-05,9.447733334e-06,0.01646439548,0.2699998428
730.56,24,3.032828283,3.894266419e-05,0,7.512659267e-08,2.122742617e-61,3.188443077e-05,9.441501132e-06,0.01645820617,0.269999849
730.56,24,3.080808081,3.763468818e-05,0,7.513058413e-08,2.122576767e-61,3.188442955e-05,9.438010806e-06,0.01645219696,0.2699998549
730.56,24,3.128787879,3.637872086e-05,0,7.513441366e-08,2.122414763e-61,3.188442837e-05,9.436305151e-06,0.01644636367,0.2699998607
730.56,24,3.176767677,3.517291908e-05,0,7.513808624e-08,2.122256683e-61,3.188442723e-05,9.435539242e-06,0.01644070248,0.2699998663
730.56,24,3.224747475,3.401555391e-05,0,7.514160691e-08,2.122102598e-61,3.188442612e-05,9.435015882e-06,0.01643520988,0.2699998718
730.56,24,3.272727273,3.290500217e-05,0,7.514498052e-08,2.121952572e-61,3.188442504e-05,9.434607309e-06,0.01642988268,0.2699998771
730.56,24,3.320707071,3.183973862e-05,0,7.514821172e-08,2.121806664e-61,3.188442399e-05,9.43428607e-06,0.016424718,0.2699998822
730.56,24,3.368686869,3.081832882e-05,0,7.515130495e-08,2.121664923e-61,3.188442298e-05,9.434032279e-06,0.0164197132,0.2699998872
730.56,24,3.416666667,2.983942258e-05,0,7.515426444e-08,2.121527395e-61,3.1884422e-05,9.433831032e-06,0.01641486593,0.269999892
730.56,24,3.464646465,2.890174797e-05,0,7.515709425e-08,2.121394117e-61,3.188442106e-05,9.433670975e-06,0.01641017407,0.2699998967
730.56,24,3.512626263,2.800410571e-05,0,7.515979824e-08,2.121265122e-61,3.188442014e-05,9.433543363e-06,0.01640563571,0.2699999013
730.56,24,3.560606061,2.71453641e-05,0,7.516238011e-08,2.121140436e-61,3.188441926e-05,9.433441404e-06,0.01640124919,0.2699999058
730.56,24,3.608585859,2.632445424e-05,0,7.516484339e-08,2.12102008e-61,3.188441841e-05,9.433359789e-06,0.01639701301,0.2699999101
730.56,24,3.656565657,2.554036571e-05,0,7.516719147e-08,2.12090407e-61,3.18844176e-05,9.43329435e-06,0.0163929259,0.2699999143
730.56,24,3.704545455,2.47921424e-05,0,7.516942757e-08,2.120792415e-61,3.188441681e-05,9.433241799e-06,0.01638898673,0.2699999184
730.56,24,3.752525253,2.40788788e-05,0,7.517155478e-08,2.120685122e-61,3.188441606e-05,9.433199539e-06,0.01638519454,0.2699999225
730.56,24,3.800505051,2.339971644e-05,0,7.517357605e-08,2.120582191e-61,3.188441534e-05,9.433165507e-06,0.01638154854,0.2699999264
730.56,24,3.848484848,2.275384054e-05,0,7.517549423e-08,2.120483619e-61,3.188441465e-05,9.433138066e-06,0.01637804805,0.2699999302
730.56,24,3.896464646,2.214047699e-05,0,7.517731202e-08,2.120389397e-61,3.188441399e-05,9.433115911e-06,0.01637469251,0.2699999339
730.56,24,3.944444444,2.155888939e-05,0,7.517903202e-08,2.120299514e-61,3.188441336e-05,9.433098002e-06,0.0163714815,0.2699999375
730.56,24,3.992424242,2.10083763e-05,0,7.518065673e-08,2.120213954e-61,3.188441276e-05,9.433083507e-06,0.01636841466,0.2699999411
730.56,24,4.04040404,2.048826874e-05,0,7.518218853e-08,2.120132698e-61,3.18844122e-05,9.433071761e-06,0.01636549171,0.2699999445
730.56,24,4.088383838,1.999792763e-05,0,7.518362973e-08,2.120055722e-61,3.188441166e-05,9.433062229e-06,0.01636271247,0.2699999479
730.56,24,4.136363636,1.953674161e-05,0,7.518498252e-08,2.119983001e-61,3.188441115e-05,9.433054484e-06,0.01636007677,0.2699999512
730.56,24,4.184343434,1.910412475e-05,0,7.518624902e-08,2.119914505e-61,3.188441068e-05,9.433048181e-06,0.01635758448,0.2699999545
730.56,24,4.232323232,1.869951453e-05,0,7.518743127e-08,2.119850204e-61,3.188441023e-05,9.433043044e-06,0.0163552355,0.2699999576
730.56,24,4.28030303,1.832236982e-05,0,7.518853123e-08,2.119790061e-61,3.188440981e-05,9.433038848e-06,0.0163530297,0.2699999607
730.56,24,4.328282828,1.797216906e-05,0,7.518955079e-08,2.11973404e-61,3.188440942e-05,9.433035414e-06,0.01635096697,0.2699999637
730.56,24,4.376262626,1.764840845e-05,0,7.519049176e-08,2.119682102e-61,3.188440906e-05,9.433032597e-06,0.0163490471,0.2699999667
730.56,24,4.424242424,1.735060023e-05,0,7.51913559e-08,2.119634204e-61,3.188440873e-05,9.433030277e-06,0.01634726989,0.2699999695
730.56,24,4.472222222,1.707827117e-05,0,7.519214488e-08,2.119590302e-61,3.188440842e-05,9.433028359e-06,0.016345635,0.2699999724
730.56,24,4.52020202,1.683096096e-05,0,7.519286035e-08,2.119550351e-61,3.188440814e-05,9.433026765e-06,0.01634414205,0.2699999751
730.56,24,4.568181818,1.660822087e-05,0,7.519350387e-08,2.119514302e-61,3.188440789e-05,9.433025432e-06,0.01634279051,0.2699999778
730.56,24,4.616161616,1.640961238e-05,0,7.519407696e-08,2.119482106e-61,3.188440767e-05,9.433024306e-06,0.01634157974,0.2699999805
730.56,24,4.664141414,1.623470599e-05,0,7.519458109e-08,2.119453713e-61,3.188440747e-05,9.433023344e-06,0.01634050895,0.2699999831
730.56,24,4.712121212,1.608308005e-05,0,7.519501768e-08,2.119429068e-61,3.18844073e-05,9.433022509e-06,0.01633957719,0.2699999856
730.56,24,4.76010101,1.595431972e-05,0,7.51953881e-08,2.119408117e-61,3.188440715e-05,9.433021769e-06,0.01633878335,0.2699999881
730.56,24,4.808080808,1.584801611e-05,0,7.519569369e-08,2.119390805e-61,3.188440703e-05,9.433021096e-06,0.01633812615,0.2699999906
730.56,24,4.856060606,1.576376533e-05,0,7.519593574e-08,2.119377075e-61,3.188440694e-05,9.433020464e-06,0.0163376041,0.269999993
730.56,24,4.904040404,1.570116787e-05,0,7.519611549e-08,2.119366868e-61,3.188440687e-05,9.433019848e-06,0.01633721554,0.2699999953
730.56,24,4.952020202,1.565982792e-05,0,7.519623415e-08,2.119360125e-61,3.188440682e-05,9.433019223e-06,0.0163369586,0.2699999976
730.56,24,5,1.563935286e-05,0,7.519629291e-08,2.119356785e-61,3.18844068e-05,9.433018569e-06,0.01633683125,0.27
1461.12,48,0.25,0.009083338721,5.136686594,1.933349486e-10,1.40141359e-116,3.194325771e-05,23.21665413,0.0276219454,0.3262559052
1461.12,48,0.297979798,0.001013215328,0.587813026,1.933435582e-10,1.401408562e-116,3.19432577e-05,0.03959595984,0.01863066655,0.248014587
1461.12,48,0.345959596,0.0005914108638,0.0432086026,1.933512523e-10,1.401399689e-116,3.194325769e-05,0.01717395094,0.01786436534,0.2597483522
1461.12,48,0.3939393939,0.0005077086217,0.003001931253,1.933572503e-10,1.401387672e-116,3.194325768e-05,0.01024315672,0.01769768155,0.2681578907
1461.12,48,0.4419191919,0.0004554416645,0.0002085722729,1.933621408e-10,1.401372898e-116,3.194325768e-05,0.007077538065,0.01758986576,0.2697661542
1461.12,48,0.4898989899,0.0004136026795,9.007997399e-05,1.933664729e-10,1.401355611e-116,3.194325767e-05,0.005388909464,0.01750078502,0.2699731373
1461.12,48,0.5378787879,0.000379093528,7.671097576e-11,1.93370661e-10,1.401335981e-116,3.194325766e-05,0.004233430516,0.01742516672,0.2699959135
1461.12,48,0.5858585859,0.0003498119577,1.509137808e-20,1.93375009e-10,1.401314132e-116,3.194325765e-05,0.003367060611,0.01735928774,0.2699983314
1461.12,48,0.6338383838,0.0003246243552,1.494247458e-30,1.933797395e-10,1.401290162e-116,3.194325765e-05,0.002678436718,0.0173012162,0.2699986708
1461.12,48,0.6818181818,0.0003027109771,1.487705567e-40,1.933850156e-10,1.401264151e-116,3.194325764e-05,0.002119871008,0.01724952817,0.2699987954
1461.12,48,0.7297979798,0.0002834640348,1.488302631e-50,1.933909564e-10,1.401236168e-116,3.194325764e-05,0.001671524824,0.01720314937,0.2699988885
1461.12,48,0.7777777778,0.0002664218685,1.49514957e-60,1.933976481e-10,1.401206278e-116,3.194325763e-05,0.001316619763,0.01716125002,0.2699989688
1461.12,48,0.8257575758,0.0002512262001,1.507587794e-70,1.934051515e-10,1.401174538e-116,3.194325762e-05,0.001036731416,0.01712317529,0.2699990397
1461.12,48,0.8737373737,0.0002375940021,1.525128599e-80,1.934135068e-10,1.401141006e-116,3.194325762e-05,0.0008157172441,0.01708839935,0.2699991028
1461.12,48,0.9217171717,0.0002252983155,1.547411339e-90,1.934227381e-10,1.401105736e-116,3.194325761e-05,0.0006407738507,0.01705649373,0.2699991593
1461.12,48,0.9696969697,0.0002141547575,1.574173992e-100,1.93432856e-10,1.401068783e-116,3.194325761e-05,0.0005019333835,0.01702710493,0.2699992102
1461.12,48,1.017676768,0.0002040118091,1.605232056e-110,1.9344386e-10,1.401030201e-116,3.19432576e-05,0.0003914717037,0.01699993802,0.2699992564
1461.12,48,1.065656566,0.0001947436883,1.640463212e-120,1.934557397e-10,1.400990044e-116,3.19432576e-05,0.0003034174815,0.01697474458,0.2699992984
1461.12,48,1.113636364,0.0001862450255,1.679796033e-130,1.934684766e-10,1.400948368e-116,3.194325759e-05,0.0002331630764,0.01695131353,0.2699993367
1461.12,48,1.161616162,0.0001784268242,1.723201589e-140,1.934820445e-10,1.400905227e-116,3.194325759e-05,0.0001771609369,0.01692946408,0.2699993719
1461.12,48,1.20959596,0.0001712133515,1.770687165e-150,1.934964106e-10,1.400860678e-116,3.194325758e-05,0.0001326872114,0.01690904032,0.2699994044
1461.12,48,1.257575758,0.0001645397132,1.822291545e-160,1.935115359e-10,1.400814779e-116,3.194325758e-05,9.98163906e-05,0.01688990685,0.2699994343
1461.12,48,1.305555556,0.0001583550928,1.878081477e-170,1.935273758e-10,1.400767586e-116,3.194325757e-05,9.485170266e-05,0.01687195103,0.269999462
1461.12,48,1.353535354,0.0001526119962,1.938149002e-180,1.935438804e-10,1.40071916e-116,3.194325757e-05,9.355247079e-05,0.0168550828,0.2699994878
1461.12,48,1.401515152,0.0001472658395,2.002609472e-190,1.935609956e-10,1.400669558e-116,3.194325756e-05,9.285244748e-05,0.01683920464,0.2699995118
1461.12,48,1.449494949,0.0001422777527,2.07160015e-200,1.935786636e-10,1.400618842e-116,3.194325756e-05,9.240769465e-05,0.01682422973,0.2699995342
1461.12,48,1.497474747,0.0001376138032,2.145279229e-210,1.935968232e-10,1.400567073e-116,3.194325755e-05,9.210732713e-05,0.01681008139,0.2699995552
1461.12,48,1.545454545,0.0001332442575,2.223825194e-220,1.936154113e-10,1.400514312e-116,3.194325755e-05,9.189924684e-05,0.0167966918,0.2699995749
1461.12,48,1.593434343,0.0001291429586,2.307436474e-230,1.936343632e-10,1.400460621e-116,3.194325754e-05,9.175297511e-05,0.01678400071,0.2699995934
1461.12,48,1.641414141,0.0001252868073,2.396331342e-240,1.936536137e-10,1.400406063e-116,3.194325754e-05,9.137738441e-05,0.01677195445,0.2699996108
1461.12,48,1.689393939,0.0001216553482,2.490747984e-250,1.936730978e-10,1.400350701e-116,3.194325753e-05,7.081899861e-05,0.01676050511,0.2699996272
1461.12,48,1.737373737,0.0001182304916,2.590944812e-260,1.936927511e-10,1.400294599e-116,3.194325753e-05,5.411236898e-05,0.01674961003,0.2699996428
1461.12,48,1.785353535,0.0001149959776,2.697200927e-270,1.93712511e-10,1.400237821e-116,3.194325753e-05,4.246108064e-05,0.01673923051,0.2699996575
1461.12,48,1.833333333,0.0001119372528,2.809816675e-280,1.937323168e-10,1.40018043e-116,3.194325752e-05,3.412914923e-05,0.01672933162,0.2699996714
1461.12,48,1.881313131,0.0001090412529,2.929114363e-290,1.937521103e-10,1.400122491e-116,3.194325752e-05,2.80400987e-05,0.01671988178,0.2699996846
1461.12,48,1.929292929,0.000106296217,3.055439096e-300,1.937718361e-10,1.400064068e-116,3.194325751e-05,2.351238592e-05,0.01671085235,0.2699996971
1461.12,48,1.977272727,0.0001036915295,3.189159745e-310,1.937914422e-10,1.400005225e-116,3.194325751e-05,2.01036642e-05,0.01670221734,0.2699997091
1461.12,48,2.025252525,0.0001012175847,3.330496519e-320,1.938108803e-10,1.399946026e-116,3.194325751e-05,1.751931318e-05,0.01669395303,0.2699997205
1461.12,48,2.073232323,9.886566972e-05,0,1.938301055e-10,1.399886535e-116,3.19432575e-05,1.555811083e-05,0.0166860378,0.2699997313
1461.12,48,2.121212121,9.662786322e-05,0,1.938490771e-10,1.399826815e-116,3.19432575e-05,1.408145628e-05,0.01667845186,0.2699997417
1461.12,48,2.169191919,9.449694806e-05,0,1.938677581e-10,1.39976693e-116,3.194325749e-05,1.300109299e-05,0.01667117708,0.2699997516
1461.12,48,2.217171717,9.246633495e-05,0,1.938861151e-10,1.399706941e-116,3.194325749e-05,1.230125114e-05,0.0166641968,0.2699997611
1461.12,48,2.265151515,9.052999581e-05,0,1.939041185e-10,1.399646912e-116,3.194325749e-05,1.208289975e-05,0.01665749572,0.2699997701
1461.12,48,2.313131313,8.868240554e-05,0,1.939217423e-10,1.399586904e-116,3.194325748e-05,1.21365077e-05,0.01665105972,0.2699997788
1461.12,48,2.361111111,8.69184908e-05,0,1.939389638e-10,1.399526977e-116,3.194325748e-05,1.208761999e-05,0.01664487576,0.2699997872
1461.12,48,2.409090909,8.523358493e-05,0,1.939557636e-10,1.399467192e-116,3.194325748e-05,1.196339285e-05,0.01663893182,0.2699997952
1461.12,48,2.457070707,8.362338815e-05,0,1.939721255e-10,1.399407607e-116,3.194325747e-05,1.182026073e-05,0.01663321673,0.2699998029
1461.12,48,2.505050505,8.208393233e-05,0,1.939880362e-10,1.399348282e-116,3.194325747e-05,1.168229576e-05,0.01662772017,0.2699998103
1461.12,48,2.553030303,8.061154973e-05,0,1.940034851e-10,1.399289273e-116,3.194325747e-05,1.155898498e-05,0.01662243254,0.2699998174
1461.12,48,2.601010101,7.920284519e-05,0,1.940184645e-10,1.399230636e-116,3.194325747e-05,1.145285718e-05,0.0166173449,0.2699998243
1461.12,48,2.648989899,7.785467133e-05,0,1.940329692e-10,1.399172428e-116,3.194325746e-05,1.136258707e-05,0.01661244895,0.2699998309
1461.12,48,2.696969697,7.656410643e-05,0,1.940469963e-10,1.399114702e-116,3.194325746e-05,1.128543389e-05,0.01660773694,0.2699998373
1461.12,48,2.744949495,7.532843458e-05,0,1.940605453e-10,1.399057511e-116,3.194325746e-05,1.121980811e-05,0.01660320165,0.2699998434
1461.12,48,2.792929293,7.414512792e-05,0,1.940736175e-10,1.399000906e-116,3.194325745e-05,1.116654357e-05,0.0165988363,0.2699998494
1461.12,48,2.840909091,7.301183063e-05,0,1.940862166e-10,1.398944938e-116,3.194325745e-05,1.112698822e-05,0.01659463458,0.2699998551
1461.12,48,2.888888889,7.192634455e-05,0,1.940983478e-10,1.398889656e-116,3.194325745e-05,1.110022936e-05,0.01659059057,0.2699998607
1461.12,48,2.936868687,7.088661617e-05,0,1.941100181e-10,1.398835108e-116,3.194325745e-05,1.108325166e-05,0.01658669869,0.2699998661
1461.12,48,2.984848485,6.989072493e-05,0,1.941212358e-10,1.398781339e-116,3.194325745e-05,1.107282987e-05,0.01658295374,0.2699998713
1461.12,48,3.032828283,6.893687258e-05,0,1.941320108e-10,1.398728394e-116,3.194325744e-05,1.106659767e-05,0.0165793508,0.2699998763
1461.12,48,3.080808081,6.802337353e-05,0,1.941423542e-10,1.398676316e-116,3.194325744e-05,1.106310734e-05,0.01657588526,0.2699998812
1461.12,48,3.128787879,6.71486461e-05,0,1.941522782e-10,1.398625146e-116,3.194325744e-05,1.106140169e-05,0.01657255276,0.2699998859
1461.12,48,3.176767677,6.63112046e-05,0,1.941617956e-10,1.398574926e-116,3.194325744e-05,1.106063578e-05,0.01656934919,0.2699998905
1461.12,48,3.224747475,6.550965204e-05,0,1.941709195e-10,1.398525692e-116,3.194325743e-05,1.106011242e-05,0.01656627068,0.269999895
1461.12,48,3.272727273,6.474267352e-05,0,1.941796625e-10,1.398477482e-116,3.194325743e-05,1.105970385e-05,0.01656331355,0.2699998993
1461.12,48,3.320707071,6.40090302e-05,0,1.941880365e-10,1.398430331e-116,3.194325743e-05,1.105938261e-05,0.01656047434,0.2699999035
1461.12,48,3.368686869,6.330755379e-05,0,1.941960531e-10,1.398384272e-116,3.194325743e-05,1.105912882e-05,0.01655774975,0.2699999076
1461.12,48,3.416666667,6.263714143e-05,0,1.942037232e-10,1.398339337e-116,3.194325743e-05,1.105892757e-05,0.01655513665,0.2699999115
1461.12,48,3.464646465,6.199675113e-05,0,1.942110573e-10,1.398295556e-116,3.194325742e-05,1.105876751e-05,0.01655263209,0.2699999154
1461.12,48,3.512626263,6.138539743e-05,0,1.942180654e-10,1.398252957e-116,3.194325742e-05,1.10586399e-05,0.01655023324,0.2699999192
1461.12,48,3.560606061,6.080214753e-05,0,1.942247571e-10,1.398211566e-116,3.194325742e-05,1.105853794e-05,0.0165479374,0.2699999228
1461.12,48,3.608585859,6.024611765e-05,0,1.942311416e-10,1.398171409e-116,3.194325742e-05,1.105845633e-05,0.01654574202,0.2699999264
1461.12,48,3.656565657,5.971646976e-05,0,1.942372276e-10,1.398132508e-116,3.194325742e-05,1.105839089e-05,0.01654364466,0.2699999298
1461.12,48,3.704545455,5.921240844e-05,0,1.942430234e-10,1.398094885e-116,3.194325742e-05,1.105833834e-05,0.01654164296,0.2699999332
1461.12,48,3.752525253,5.873317813e-05,0,1.94248537e-10,1.398058559e-116,3.194325742e-05,1.105829608e-05,0.0165397347,0.2699999365
1461.12,48,3.800505051,5.827806045e-05,0,1.942537761e-10,1.398023548e-116,3.194325741e-05,1.105826204e-05,0.01653791773,0.2699999397
1461.12,48,3.848484848,5.784637184e-05,0,1.942587481e-10,1.397989868e-116,3.194325741e-05,1.10582346e-05,0.01653619,0.2699999428
1461.12,48,3.896464646,5.743746126e-05,0,1.942634599e-10,1.397957534e-116,3.194325741e-05,1.105821245e-05,0.01653454952,0.2699999459
1461.12,48,3.944444444,5.705070816e-05,0,1.942679183e-10,1.397926558e-116,3.194325741e-05,1.105819454e-05,0.0165329944,0.2699999488
1461.12,48,3.992424242,5.668552056e-05,0,1.942721297e-10,1.39789695e-116,3.194325741e-05,1.105818004e-05,0.01653152281,0.2699999517
1461.12,48,4.04040404,5.634133322e-05,0,1.942761004e-10,1.397868721e-116,3.194325741e-05,1.10581683e-05,0.01653013299,0.2699999546
1461.12,48,4.088383838,5.601760602e-05,0,1.942798362e-10,1.397841877e-116,3.194325741e-05,1.105815877e-05,0.01652882322,0.2699999573
1461.12,48,4.136363636,5.571382243e-05,0,1.942833428e-10,1.397816425e-116,3.194325741e-05,1.105815102e-05,0.01652759188,0.26999996
1461.12,48,4.184343434,5.542948802e-05,0,1.942866259e-10,1.397792368e-116,3.194325741e-05,1.105814472e-05,0.01652643736,0.2699999627
1461.12,48,4.232323232,5.516412917e-05,0,1.942896906e-10,1.397769709e-116,3.194325741e-05,1.105813958e-05,0.01652535811,0.2699999653
1461.12,48,4.28030303,5.491729184e-05,0,1.94292542e-10,1.397748449e-116,3.19432574e-05,1.105813539e-05,0.01652435266,0.2699999678
1461.12,48,4.328282828,5.468854036e-05,0,1.942951849e-10,1.397728587e-116,3.19432574e-05,1.105813195e-05,0.01652341954,0.2699999702
1461.12,48,4.376262626,5.447745639e-05,0,1.942976242e-10,1.397710121e-116,3.19432574e-05,1.105812913e-05,0.01652255734,0.2699999727
1461.12,48,4.424242424,5.428363791e-05,0,1.942998643e-10,1.397693046e-116,3.19432574e-05,1.105812681e-05,0.01652176468,0.269999975
1461.12,48,4.472222222,5.410669826e-05,0,1.943019096e-10,1.397677359e-116,3.19432574e-05,1.10581249e-05,0.01652104024,0.2699999773
1461.12,48,4.52020202,5.394626529e-05,0,1.943037644e-10,1.39766305e-116,3.19432574e-05,1.10581233e-05,0.01652038269,0.2699999796
1461.12,48,4.568181818,5.380198051e-05,0,1.943054326e-10,1.397650113e-116,3.19432574e-05,1.105812197e-05,0.01651979078,0.2699999818
1461.12,48,4.616161616,5.367349834e-05,0,1.943069182e-10,1.397638536e-116,3.19432574e-05,1.105812084e-05,0.01651926324,0.269999984
1461.12,48,4.664141414,5.35604854e-05,0,1.943082251e-10,1.39762831e-116,3.19432574e-05,1.105811988e-05,0.01651879888,0.2699999861
1461.12,48,4.712121212,5.346261983e-05,0,1.94309357e-10,1.39761942e-116,3.19432574e-05,1.105811905e-05,0.01651839649,0.2699999882
1461.12,48,4.76010101,5.337959068e-05,0,1.943103172e-10,1.397611853e-116,3.19432574e-05,1.105811831e-05,0.01651805491,0.2699999902
1461.12,48,4.808080808,5.331109729e-05,0,1.943111095e-10,1.397605594e-116,3.19432574e-05,1.105811763e-05,0.016517773,0.2699999922
1461.12,48,4.856060606,5.325684876e-05,0,1.943117369e-10,1.397600625e-116,3.19432574e-05,1.1058117e-05,0.01651754963,0.2699999942
1461.12,48,4.904040404,5.321656347e-05,0,1.943122029e-10,1.397596929e-116,3.19432574e-05,1.105811638e-05,0.0165173837,0.2699999961
1461.12,48,4.952020202,5.318996853e-05,0,1.943125106e-10,1.397594485e-116,3.19432574e-05,1.105811576e-05,0.01651727414,0.2699999981
1461.12,48,5,5.317679939e-05,0,1.943126629e-10,1.397593274e-116,3.19432574e-05,1.105811511e-05,0.01651721989,0.27
